1.000000000000000021e-02 9.999999999999999167e-02 1.000000000000000021e-02
1.000000000000000021e-02 9.999999999999999167e-02 3.162277660168379134e-02
1.000000000000000021e-02 9.999999999999999167e-02 1.000000000000000056e-01
1.000000000000000021e-02 9.999999999999999167e-02 3.162277660168379412e-01
1.000000000000000021e-02 9.999999999999999167e-02 1.000000000000000000e+00
1.000000000000000021e-02 9.999999999999999167e-02 3.162277660168379523e+00
1.000000000000000021e-02 9.999999999999999167e-02 1.000000000000000000e+01
1.000000000000000021e-02 9.999999999999999167e-02 3.162277660168379256e+01
1.000000000000000021e-02 9.999999999999999167e-02 1.000000000000000000e+02
1.000000000000000021e-02 4.999999999999999584e-02 1.000000000000000021e-02
1.000000000000000021e-02 4.999999999999999584e-02 3.162277660168379134e-02
1.000000000000000021e-02 4.999999999999999584e-02 1.000000000000000056e-01
1.000000000000000021e-02 4.999999999999999584e-02 3.162277660168379412e-01
1.000000000000000021e-02 4.999999999999999584e-02 1.000000000000000000e+00
1.000000000000000021e-02 4.999999999999999584e-02 3.162277660168379523e+00
1.000000000000000021e-02 4.999999999999999584e-02 1.000000000000000000e+01
1.000000000000000021e-02 4.999999999999999584e-02 3.162277660168379256e+01
1.000000000000000021e-02 4.999999999999999584e-02 1.000000000000000000e+02
1.000000000000000021e-02 3.333333333333332593e-02 1.000000000000000021e-02
1.000000000000000021e-02 3.333333333333332593e-02 3.162277660168379134e-02
1.000000000000000021e-02 3.333333333333332593e-02 1.000000000000000056e-01
1.000000000000000021e-02 3.333333333333332593e-02 3.162277660168379412e-01
1.000000000000000021e-02 3.333333333333332593e-02 1.000000000000000000e+00
1.000000000000000021e-02 3.333333333333332593e-02 3.162277660168379523e+00
1.000000000000000021e-02 3.333333333333332593e-02 1.000000000000000000e+01
1.000000000000000021e-02 3.333333333333332593e-02 3.162277660168379256e+01
1.000000000000000021e-02 3.333333333333332593e-02 1.000000000000000000e+02
1.000000000000000021e-02 2.499999999999999792e-02 1.000000000000000021e-02
1.000000000000000021e-02 2.499999999999999792e-02 3.162277660168379134e-02
1.000000000000000021e-02 2.499999999999999792e-02 1.000000000000000056e-01
1.000000000000000021e-02 2.499999999999999792e-02 3.162277660168379412e-01
1.000000000000000021e-02 2.499999999999999792e-02 1.000000000000000000e+00
1.000000000000000021e-02 2.499999999999999792e-02 3.162277660168379523e+00
1.000000000000000021e-02 2.499999999999999792e-02 1.000000000000000000e+01
1.000000000000000021e-02 2.499999999999999792e-02 3.162277660168379256e+01
1.000000000000000021e-02 2.499999999999999792e-02 1.000000000000000000e+02
1.000000000000000021e-02 2.000000000000000042e-02 1.000000000000000021e-02
1.000000000000000021e-02 2.000000000000000042e-02 3.162277660168379134e-02
1.000000000000000021e-02 2.000000000000000042e-02 1.000000000000000056e-01
1.000000000000000021e-02 2.000000000000000042e-02 3.162277660168379412e-01
1.000000000000000021e-02 2.000000000000000042e-02 1.000000000000000000e+00
1.000000000000000021e-02 2.000000000000000042e-02 3.162277660168379523e+00
1.000000000000000021e-02 2.000000000000000042e-02 1.000000000000000000e+01
1.000000000000000021e-02 2.000000000000000042e-02 3.162277660168379256e+01
1.000000000000000021e-02 2.000000000000000042e-02 1.000000000000000000e+02
1.000000000000000021e-02 1.666666666666666644e-02 1.000000000000000021e-02
1.000000000000000021e-02 1.666666666666666644e-02 3.162277660168379134e-02
1.000000000000000021e-02 1.666666666666666644e-02 1.000000000000000056e-01
1.000000000000000021e-02 1.666666666666666644e-02 3.162277660168379412e-01
1.000000000000000021e-02 1.666666666666666644e-02 1.000000000000000000e+00
1.000000000000000021e-02 1.666666666666666644e-02 3.162277660168379523e+00
1.000000000000000021e-02 1.666666666666666644e-02 1.000000000000000000e+01
1.000000000000000021e-02 1.666666666666666644e-02 3.162277660168379256e+01
1.000000000000000021e-02 1.666666666666666644e-02 1.000000000000000000e+02
1.000000000000000021e-02 1.428571428571428527e-02 1.000000000000000021e-02
1.000000000000000021e-02 1.428571428571428527e-02 3.162277660168379134e-02
1.000000000000000021e-02 1.428571428571428527e-02 1.000000000000000056e-01
1.000000000000000021e-02 1.428571428571428527e-02 3.162277660168379412e-01
1.000000000000000021e-02 1.428571428571428527e-02 1.000000000000000000e+00
1.000000000000000021e-02 1.428571428571428527e-02 3.162277660168379523e+00
1.000000000000000021e-02 1.428571428571428527e-02 1.000000000000000000e+01
1.000000000000000021e-02 1.428571428571428527e-02 3.162277660168379256e+01
1.000000000000000021e-02 1.428571428571428527e-02 1.000000000000000000e+02
1.000000000000000021e-02 1.249999999999999896e-02 1.000000000000000021e-02
1.000000000000000021e-02 1.249999999999999896e-02 3.162277660168379134e-02
1.000000000000000021e-02 1.249999999999999896e-02 1.000000000000000056e-01
1.000000000000000021e-02 1.249999999999999896e-02 3.162277660168379412e-01
1.000000000000000021e-02 1.249999999999999896e-02 1.000000000000000000e+00
1.000000000000000021e-02 1.249999999999999896e-02 3.162277660168379523e+00
1.000000000000000021e-02 1.249999999999999896e-02 1.000000000000000000e+01
1.000000000000000021e-02 1.249999999999999896e-02 3.162277660168379256e+01
1.000000000000000021e-02 1.249999999999999896e-02 1.000000000000000000e+02
