1.000000000000000000e+00 1.000000000000000000e+01
1.000000000000000000e+00 1.778279410038922848e+01
1.000000000000000000e+00 3.162277660168379256e+01
1.000000000000000000e+00 5.623413251903490817e+01
1.000000000000000000e+00 1.000000000000000000e+02
1.000000000000000000e+00 1.778279410038922776e+02
1.000000000000000000e+00 3.162277660168379612e+02
1.000000000000000000e+00 5.623413251903490391e+02
1.000000000000000000e+00 1.000000000000000000e+03
1.000000000000000000e+00 1.778279410038922833e+03
1.000000000000000000e+00 3.162277660168379498e+03
2.000000000000000000e+00 1.000000000000000000e+01
2.000000000000000000e+00 1.778279410038922848e+01
2.000000000000000000e+00 3.162277660168379256e+01
2.000000000000000000e+00 5.623413251903490817e+01
2.000000000000000000e+00 1.000000000000000000e+02
2.000000000000000000e+00 1.778279410038922776e+02
2.000000000000000000e+00 3.162277660168379612e+02
2.000000000000000000e+00 5.623413251903490391e+02
2.000000000000000000e+00 1.000000000000000000e+03
2.000000000000000000e+00 1.778279410038922833e+03
2.000000000000000000e+00 3.162277660168379498e+03
3.000000000000000000e+00 1.000000000000000000e+01
3.000000000000000000e+00 1.778279410038922848e+01
3.000000000000000000e+00 3.162277660168379256e+01
3.000000000000000000e+00 5.623413251903490817e+01
3.000000000000000000e+00 1.000000000000000000e+02
3.000000000000000000e+00 1.778279410038922776e+02
3.000000000000000000e+00 3.162277660168379612e+02
3.000000000000000000e+00 5.623413251903490391e+02
3.000000000000000000e+00 1.000000000000000000e+03
3.000000000000000000e+00 1.778279410038922833e+03
3.000000000000000000e+00 3.162277660168379498e+03
4.000000000000000000e+00 1.000000000000000000e+01
4.000000000000000000e+00 1.778279410038922848e+01
4.000000000000000000e+00 3.162277660168379256e+01
4.000000000000000000e+00 5.623413251903490817e+01
4.000000000000000000e+00 1.000000000000000000e+02
4.000000000000000000e+00 1.778279410038922776e+02
4.000000000000000000e+00 3.162277660168379612e+02
4.000000000000000000e+00 5.623413251903490391e+02
4.000000000000000000e+00 1.000000000000000000e+03
4.000000000000000000e+00 1.778279410038922833e+03
4.000000000000000000e+00 3.162277660168379498e+03
5.000000000000000000e+00 1.000000000000000000e+01
5.000000000000000000e+00 1.778279410038922848e+01
5.000000000000000000e+00 3.162277660168379256e+01
5.000000000000000000e+00 5.623413251903490817e+01
5.000000000000000000e+00 1.000000000000000000e+02
5.000000000000000000e+00 1.778279410038922776e+02
5.000000000000000000e+00 3.162277660168379612e+02
5.000000000000000000e+00 5.623413251903490391e+02
5.000000000000000000e+00 1.000000000000000000e+03
5.000000000000000000e+00 1.778279410038922833e+03
5.000000000000000000e+00 3.162277660168379498e+03
6.000000000000000000e+00 1.000000000000000000e+01
6.000000000000000000e+00 1.778279410038922848e+01
6.000000000000000000e+00 3.162277660168379256e+01
6.000000000000000000e+00 5.623413251903490817e+01
6.000000000000000000e+00 1.000000000000000000e+02
6.000000000000000000e+00 1.778279410038922776e+02
6.000000000000000000e+00 3.162277660168379612e+02
6.000000000000000000e+00 5.623413251903490391e+02
6.000000000000000000e+00 1.000000000000000000e+03
6.000000000000000000e+00 1.778279410038922833e+03
6.000000000000000000e+00 3.162277660168379498e+03
7.000000000000000000e+00 1.000000000000000000e+01
7.000000000000000000e+00 1.778279410038922848e+01
7.000000000000000000e+00 3.162277660168379256e+01
7.000000000000000000e+00 5.623413251903490817e+01
7.000000000000000000e+00 1.000000000000000000e+02
7.000000000000000000e+00 1.778279410038922776e+02
7.000000000000000000e+00 3.162277660168379612e+02
7.000000000000000000e+00 5.623413251903490391e+02
7.000000000000000000e+00 1.000000000000000000e+03
7.000000000000000000e+00 1.778279410038922833e+03
7.000000000000000000e+00 3.162277660168379498e+03
8.000000000000000000e+00 1.000000000000000000e+01
8.000000000000000000e+00 1.778279410038922848e+01
8.000000000000000000e+00 3.162277660168379256e+01
8.000000000000000000e+00 5.623413251903490817e+01
8.000000000000000000e+00 1.000000000000000000e+02
8.000000000000000000e+00 1.778279410038922776e+02
8.000000000000000000e+00 3.162277660168379612e+02
8.000000000000000000e+00 5.623413251903490391e+02
8.000000000000000000e+00 1.000000000000000000e+03
8.000000000000000000e+00 1.778279410038922833e+03
8.000000000000000000e+00 3.162277660168379498e+03
