2.500000000000000052e-04 0.000000000000000000e+00
2.500000000000000052e-04 1.000000000000000000e+00
2.500000000000000052e-04 2.000000000000000000e+00
2.500000000000000052e-04 3.000000000000000000e+00
2.500000000000000052e-04 4.000000000000000000e+00
2.500000000000000052e-04 5.000000000000000000e+00
2.500000000000000052e-04 6.000000000000000000e+00
2.500000000000000052e-04 7.000000000000000000e+00
2.500000000000000052e-04 8.000000000000000000e+00
2.500000000000000052e-04 9.000000000000000000e+00
4.444444444444444657e-04 0.000000000000000000e+00
4.444444444444444657e-04 1.000000000000000000e+00
4.444444444444444657e-04 2.000000000000000000e+00
4.444444444444444657e-04 3.000000000000000000e+00
4.444444444444444657e-04 4.000000000000000000e+00
4.444444444444444657e-04 5.000000000000000000e+00
4.444444444444444657e-04 6.000000000000000000e+00
4.444444444444444657e-04 7.000000000000000000e+00
4.444444444444444657e-04 8.000000000000000000e+00
4.444444444444444657e-04 9.000000000000000000e+00
6.388888888888889263e-04 0.000000000000000000e+00
6.388888888888889263e-04 1.000000000000000000e+00
6.388888888888889263e-04 2.000000000000000000e+00
6.388888888888889263e-04 3.000000000000000000e+00
6.388888888888889263e-04 4.000000000000000000e+00
6.388888888888889263e-04 5.000000000000000000e+00
6.388888888888889263e-04 6.000000000000000000e+00
6.388888888888889263e-04 7.000000000000000000e+00
6.388888888888889263e-04 8.000000000000000000e+00
6.388888888888889263e-04 9.000000000000000000e+00
8.333333333333333868e-04 0.000000000000000000e+00
8.333333333333333868e-04 1.000000000000000000e+00
8.333333333333333868e-04 2.000000000000000000e+00
8.333333333333333868e-04 3.000000000000000000e+00
8.333333333333333868e-04 4.000000000000000000e+00
8.333333333333333868e-04 5.000000000000000000e+00
8.333333333333333868e-04 6.000000000000000000e+00
8.333333333333333868e-04 7.000000000000000000e+00
8.333333333333333868e-04 8.000000000000000000e+00
8.333333333333333868e-04 9.000000000000000000e+00
1.027777777777777847e-03 0.000000000000000000e+00
1.027777777777777847e-03 1.000000000000000000e+00
1.027777777777777847e-03 2.000000000000000000e+00
1.027777777777777847e-03 3.000000000000000000e+00
1.027777777777777847e-03 4.000000000000000000e+00
1.027777777777777847e-03 5.000000000000000000e+00
1.027777777777777847e-03 6.000000000000000000e+00
1.027777777777777847e-03 7.000000000000000000e+00
1.027777777777777847e-03 8.000000000000000000e+00
1.027777777777777847e-03 9.000000000000000000e+00
1.222222222222222199e-03 0.000000000000000000e+00
1.222222222222222199e-03 1.000000000000000000e+00
1.222222222222222199e-03 2.000000000000000000e+00
1.222222222222222199e-03 3.000000000000000000e+00
1.222222222222222199e-03 4.000000000000000000e+00
1.222222222222222199e-03 5.000000000000000000e+00
1.222222222222222199e-03 6.000000000000000000e+00
1.222222222222222199e-03 7.000000000000000000e+00
1.222222222222222199e-03 8.000000000000000000e+00
1.222222222222222199e-03 9.000000000000000000e+00
1.416666666666666768e-03 0.000000000000000000e+00
1.416666666666666768e-03 1.000000000000000000e+00
1.416666666666666768e-03 2.000000000000000000e+00
1.416666666666666768e-03 3.000000000000000000e+00
1.416666666666666768e-03 4.000000000000000000e+00
1.416666666666666768e-03 5.000000000000000000e+00
1.416666666666666768e-03 6.000000000000000000e+00
1.416666666666666768e-03 7.000000000000000000e+00
1.416666666666666768e-03 8.000000000000000000e+00
1.416666666666666768e-03 9.000000000000000000e+00
1.611111111111111121e-03 0.000000000000000000e+00
1.611111111111111121e-03 1.000000000000000000e+00
1.611111111111111121e-03 2.000000000000000000e+00
1.611111111111111121e-03 3.000000000000000000e+00
1.611111111111111121e-03 4.000000000000000000e+00
1.611111111111111121e-03 5.000000000000000000e+00
1.611111111111111121e-03 6.000000000000000000e+00
1.611111111111111121e-03 7.000000000000000000e+00
1.611111111111111121e-03 8.000000000000000000e+00
1.611111111111111121e-03 9.000000000000000000e+00
1.805555555555555690e-03 0.000000000000000000e+00
1.805555555555555690e-03 1.000000000000000000e+00
1.805555555555555690e-03 2.000000000000000000e+00
1.805555555555555690e-03 3.000000000000000000e+00
1.805555555555555690e-03 4.000000000000000000e+00
1.805555555555555690e-03 5.000000000000000000e+00
1.805555555555555690e-03 6.000000000000000000e+00
1.805555555555555690e-03 7.000000000000000000e+00
1.805555555555555690e-03 8.000000000000000000e+00
1.805555555555555690e-03 9.000000000000000000e+00
2.000000000000000042e-03 0.000000000000000000e+00
2.000000000000000042e-03 1.000000000000000000e+00
2.000000000000000042e-03 2.000000000000000000e+00
2.000000000000000042e-03 3.000000000000000000e+00
2.000000000000000042e-03 4.000000000000000000e+00
2.000000000000000042e-03 5.000000000000000000e+00
2.000000000000000042e-03 6.000000000000000000e+00
2.000000000000000042e-03 7.000000000000000000e+00
2.000000000000000042e-03 8.000000000000000000e+00
2.000000000000000042e-03 9.000000000000000000e+00
