2.000000000000000000e+00 2.000000000000000000e+00 2.500000000000000139e-02
2.000000000000000000e+00 2.000000000000000000e+00 5.000000000000000278e-02
2.000000000000000000e+00 2.000000000000000000e+00 7.500000000000001110e-02
2.000000000000000000e+00 2.000000000000000000e+00 1.000000000000000056e-01
2.000000000000000000e+00 2.000000000000000000e+00 1.250000000000000000e-01
2.000000000000000000e+00 2.000000000000000000e+00 1.499999999999999944e-01
2.000000000000000000e+00 2.000000000000000000e+00 1.750000000000000167e-01
2.000000000000000000e+00 2.000000000000000000e+00 2.000000000000000111e-01
2.000000000000000000e+00 3.000000000000000000e+00 2.500000000000000139e-02
2.000000000000000000e+00 3.000000000000000000e+00 5.000000000000000278e-02
2.000000000000000000e+00 3.000000000000000000e+00 7.500000000000001110e-02
2.000000000000000000e+00 3.000000000000000000e+00 1.000000000000000056e-01
2.000000000000000000e+00 3.000000000000000000e+00 1.250000000000000000e-01
2.000000000000000000e+00 3.000000000000000000e+00 1.499999999999999944e-01
2.000000000000000000e+00 3.000000000000000000e+00 1.750000000000000167e-01
2.000000000000000000e+00 3.000000000000000000e+00 2.000000000000000111e-01
2.000000000000000000e+00 4.000000000000000000e+00 2.500000000000000139e-02
2.000000000000000000e+00 4.000000000000000000e+00 5.000000000000000278e-02
2.000000000000000000e+00 4.000000000000000000e+00 7.500000000000001110e-02
2.000000000000000000e+00 4.000000000000000000e+00 1.000000000000000056e-01
2.000000000000000000e+00 4.000000000000000000e+00 1.250000000000000000e-01
2.000000000000000000e+00 4.000000000000000000e+00 1.499999999999999944e-01
2.000000000000000000e+00 4.000000000000000000e+00 1.750000000000000167e-01
2.000000000000000000e+00 4.000000000000000000e+00 2.000000000000000111e-01
3.000000000000000000e+00 2.000000000000000000e+00 2.500000000000000139e-02
3.000000000000000000e+00 2.000000000000000000e+00 5.000000000000000278e-02
3.000000000000000000e+00 2.000000000000000000e+00 7.500000000000001110e-02
3.000000000000000000e+00 2.000000000000000000e+00 1.000000000000000056e-01
3.000000000000000000e+00 2.000000000000000000e+00 1.250000000000000000e-01
3.000000000000000000e+00 2.000000000000000000e+00 1.499999999999999944e-01
3.000000000000000000e+00 2.000000000000000000e+00 1.750000000000000167e-01
3.000000000000000000e+00 2.000000000000000000e+00 2.000000000000000111e-01
3.000000000000000000e+00 3.000000000000000000e+00 2.500000000000000139e-02
3.000000000000000000e+00 3.000000000000000000e+00 5.000000000000000278e-02
3.000000000000000000e+00 3.000000000000000000e+00 7.500000000000001110e-02
3.000000000000000000e+00 3.000000000000000000e+00 1.000000000000000056e-01
3.000000000000000000e+00 3.000000000000000000e+00 1.250000000000000000e-01
3.000000000000000000e+00 3.000000000000000000e+00 1.499999999999999944e-01
3.000000000000000000e+00 3.000000000000000000e+00 1.750000000000000167e-01
3.000000000000000000e+00 3.000000000000000000e+00 2.000000000000000111e-01
3.000000000000000000e+00 4.000000000000000000e+00 2.500000000000000139e-02
3.000000000000000000e+00 4.000000000000000000e+00 5.000000000000000278e-02
3.000000000000000000e+00 4.000000000000000000e+00 7.500000000000001110e-02
3.000000000000000000e+00 4.000000000000000000e+00 1.000000000000000056e-01
3.000000000000000000e+00 4.000000000000000000e+00 1.250000000000000000e-01
3.000000000000000000e+00 4.000000000000000000e+00 1.499999999999999944e-01
3.000000000000000000e+00 4.000000000000000000e+00 1.750000000000000167e-01
3.000000000000000000e+00 4.000000000000000000e+00 2.000000000000000111e-01
4.000000000000000000e+00 2.000000000000000000e+00 2.500000000000000139e-02
4.000000000000000000e+00 2.000000000000000000e+00 5.000000000000000278e-02
4.000000000000000000e+00 2.000000000000000000e+00 7.500000000000001110e-02
4.000000000000000000e+00 2.000000000000000000e+00 1.000000000000000056e-01
4.000000000000000000e+00 2.000000000000000000e+00 1.250000000000000000e-01
4.000000000000000000e+00 2.000000000000000000e+00 1.499999999999999944e-01
4.000000000000000000e+00 2.000000000000000000e+00 1.750000000000000167e-01
4.000000000000000000e+00 2.000000000000000000e+00 2.000000000000000111e-01
4.000000000000000000e+00 3.000000000000000000e+00 2.500000000000000139e-02
4.000000000000000000e+00 3.000000000000000000e+00 5.000000000000000278e-02
4.000000000000000000e+00 3.000000000000000000e+00 7.500000000000001110e-02
4.000000000000000000e+00 3.000000000000000000e+00 1.000000000000000056e-01
4.000000000000000000e+00 3.000000000000000000e+00 1.250000000000000000e-01
4.000000000000000000e+00 3.000000000000000000e+00 1.499999999999999944e-01
4.000000000000000000e+00 3.000000000000000000e+00 1.750000000000000167e-01
4.000000000000000000e+00 3.000000000000000000e+00 2.000000000000000111e-01
4.000000000000000000e+00 4.000000000000000000e+00 2.500000000000000139e-02
4.000000000000000000e+00 4.000000000000000000e+00 5.000000000000000278e-02
4.000000000000000000e+00 4.000000000000000000e+00 7.500000000000001110e-02
4.000000000000000000e+00 4.000000000000000000e+00 1.000000000000000056e-01
4.000000000000000000e+00 4.000000000000000000e+00 1.250000000000000000e-01
4.000000000000000000e+00 4.000000000000000000e+00 1.499999999999999944e-01
4.000000000000000000e+00 4.000000000000000000e+00 1.750000000000000167e-01
4.000000000000000000e+00 4.000000000000000000e+00 2.000000000000000111e-01
